0S
1360 1
902 1
904 1
3463 1
1350 1
892 1
1350 1
892 1
1350 1
892 1
893 1
896 1
1362 1
904 1
1350 1
892 1
896 1
858 1
895 1
-858 -1
887 1
3966 1
889 1
889 1
-889 -1
896 1
896 1
896 1
896 1
975 1
1355 1
1357 1
896 1
894 1
862 1
895 1
893 1
1353 1
1358 1
1358 1
1753 1
884 1
3968 1
893 1
1350 1
892 1
896 1
1355 1
1347 1
1337 1
896 1
1337 1
1306 1
-1337 -1
902 1
-1306 -1
896 1
896 1
1355 1
901 1
897 1
1355 1
929 1
896 1
887 1
3979 1
1350 1
892 1
858 1
1363 1
905 1
-858 -1
896 1
904 1
924 1
858 1
1355 1
-858 -1
1355 1
-1355 -1
896 1
896 1
896 1
1369 1
1378 1
859 1
1358 1
905 1
899 1
3402 1
909 1
885 1
3960 1
890 1
3965 1
1345 1
1343 1
892 1
889 1
3956 1
1340 1
889 1
904 1
1355 1
904 1
-904 -1
1343 1
892 1
1350 1
1339 1
888 1
1340 1
889 1
1340 1
889 1
1351 1
1350 1
1349 1
1336 1
885 1
1340 1
889 1
1916 1
2438 1
36840 20
-36840 -20
34953 20
-34953 -20
4823 2
-4823 -2
1224 1
1220 1
1242 1
1682 1
2978 1
2974 1
1682 1
-1682 -1
2434 1
1388 1
1388 1
1388 1
4465 1
1004 1
6899 2
-6899 -2
1262 1
1266 1
1261 1
2433 1
